3617
3599
3585
3572
3559
3546
3534
3522
3510
3498
3487
3476
3465
3454
3443
3433
3423
3413
3403
3393
3383
3373
3363
3353
3343
3334
3325
3316
3307
3298
3289
3280
3271
3263
3255
3247
3239
3231
3223
3215
3207
3199
3191
3183
3175
3167
3160
3153
3146
3139
3132
3125
3118
3111
3104
3097
3090
3083
3076
3069
3062
3055
3048
3041
3034
3027
3020
3013
3006
2999
2992
2985
2978
2972
2966
2960
2954
2948
2942
2936
2930
2924
2918
2912
2906
2900
2894
2888
2882
2876
2870
2864
2858
2852
2846
2840
2834
2828
2822
2816
2810
2804
2798
2792
2786
2780
2774
2768
2762
2757
2752
2747
2742
2737
2732
2727
2722
2717
2712
2707
2702
2697
2692
2687
2682
2677
2672
2667
2662
2657
2652
2647
2642
2637
2632
2627
2622
2617
2612
2607
2602
2597
2592
2587
2582
2577
2572
2567
2562
2557
2552
2547
2542
2537
2532
2527
2522
2517
2512
2507
2502
2497
2492
2487
2482
2477
2472
2467
2462
2457
2452
2448
2444
2440
2436
2432
2428
2424
2420
2416
2412
2408
2404
2400
2396
2392
2388
2384
2380
2376
2372
2368
2364
2360
2356
2352
2348
2344
2340
2336
2332
2328
2324
2320
2316
2312
2308
2304
2300
2296
2292
2288
2284
2280
2276
2272
2268
2264
2260
2256
2252
2248
2244
2240
2236
2232
2228
2224
2220
2216
2212
2208
2204
2200
2196
2192
2188
2184
2180
2176
2172
2168
2164
2160
2156
2152
2148
2144
2140
2136
2132
2128
2124
2120
2116
2112
2108
2104
2100
2096
2092
2088
2084
2080
2076
2072
2068
2064
2061
2058
2055
2052
2049
2046
2043
2040
2037
2034
2031
2028
2025
2022
2019
2016
2013
2010
2007
2004
2001
1998
1995
1992
1989
1986
1983
1980
1977
1974
1971
1968
1965
1962
1959
1956
1953
1950
1947
1944
1941
1938
1935
1932
1929
1926
1923
1920
1917
1914
1911
1908
1905
1902
1899
1896
1893
1890
1887
1884
1881
1878
1875
1872
1869
1866
1863
1860
1857
1854
1851
1848
1845
1842
1839
1836
1833
1830
1827
1824
1821
1818
1815
1812
1809
1806
1803
1800
1797
1794
1791
1788
1785
1782
1779
1776
1773
1770
1767
1764
1761
1758
1755
1752
1749
1746
1743
1740
1737
1734
1731
1728
1725
1722
1719
1716
1713
1710
1707
1704
1701
1698
1695
1692
1689
1686
1683
1680
1677
1674
1671
1668
1665
1662
1659
1656
1653
1650
1647
1644
1641
1638
1635
1632
1629
1626
1624
1622
1620
1618
1616
1614
1612
1610
1608
1606
1604
1602
1600
1598
1596
1594
1592
1590
1588
1586
1584
1582
1580
1578
1576
1574
1572
1570
1568
1566
1564
1562
1560
1558
1556
1554
1552
1550
1548
1546
1544
1542
1540
1538
1536
1534
1532
1530
1528
1526
1524
1522
1520
1518
1516
1514
1512
1510
1508
1506
1504
1502
1500
1498
1496
1494
1492
1490
1488
1486
1484
1482
1480
1478
1476
1474
1472
1470
1468
1466
1464
1462
1460
1458
1456
1454
1452
1450
1448
1446
1444
1442
1440
1438
1436
1434
1432
1430
1428
1426
1424
1422
1420
1418
1416
1414
1412
1410
1408
1406
1404
1402
1400
1398
1396
1394
1392
1390
1388
1386
1384
1382
1380
1378
1376
1374
1372
1370
1368
1366
1364
1362
1360
1358
1356
1354
1352
1350
1348
1346
1344
1342
1340
1338
1336
1334
1332
1330
1328
1326
1324
1322
1320
1318
1316
1314
1312
1310
1308
1306
1304
1302
1300
1298
1296
1294
1292
1290
1288
1286
1284
1282
1280
1278
1276
1274
1272
1270
1268
1266
1264
1262
1260
1258
1256
1254
1252
1250
1248
1246
1244
1243
1242
1241
1240
1239
1238
1237
1236
1235
1234
1233
1232
1231
1230
1229
1228
1227
1226
1225
1224
1223
1222
1221
1220
1219
1218
1217
1216
1215
1214
1213
1212
1211
1210
1209
1208
1207
1206
1205
1204
1203
1202
1201
1200
1199
1198
1197
1196
1195
1194
1193
1192
1191
1190
1189
1188
1187
1186
1185
1184
1183
1182
1181
1180
1179
1178
1177
1176
1175
1174
1173
1172
1171
1170
1169
1168
1167
1166
1165
1164
1163
1162
1161
1160
1159
1158
1157
1156
1155
1154
1153
1152
1151
1150
1149
1148
1147
1146
1145
1144
1143
1142
1141
1140
1139
1138
1137
1136
1135
1134
1133
1132
1131
1130
1129
1128
1127
1126
1125
1124
1123
1122
1121
1120
1119
1118
1117
1116
1115
1114
1113
1112
1111
1110
1109
1108
1107
1106
1105
1104
1103
1102
1101
1100
1099
1098
1097
1096
1095
1094
1093
1092
1091
1090
1089
1088
1087
1086
1085
1084
1083
1082
1081
1080
1079
1078
1077
1076
1075
1074
1073
1072
1071
1070
1069
1068
1067
1066
1065
1064
1063
1062
1061
1060
1059
1058
1057
1056
1055
1054
1053
1052
1051
1050
1049
1048
1048
1048
1048
1048
1048
1048
1048
1048
1048
1048
1048
1048
1048
1048
1048
1048
1048
1048
1048
1048
1048
1048
1048
1048
1048
1048
1048
1048
1048
1048
1048
1048
1048
1048
1048
1048
1048
1048
1048
1048
1048
1048
1048
1048
1048
1048
1048
1048
1048
1048
1048
1048
1048
1048
1048
1048
1048
1048
1048
1048
1048
1048
1048
1048
1048
1048
1048
1048
1048
1048
1048
1048
1048
1048
1048
1048
1048
1048
1048
1048
1048
1048
1048
1048
1048
1048
1048
1048
1048
1048
1048
1048
1048
1048
1048
1048
1048
1048
1048
1048
1048
1048
1048
1048
1048
1048
1048
1048
1048
1048
1048
1048
1048
1048
1048
1048
1048
1048
1048
1048
1048
1048
1048
1048
1048
1048
1048
1048
1048
1048
1048
1048
1048
1048
1048
1048
1048
1048
1048
1048
1048
1048
1048
1048
1048
1048
1048
1048
1048
1048
1048
1048
1048
1048
1048
1048
1048
1048
1048
1048
1048
1048
1048
1048
1048
1048
1048
1048
1048
1048
1048
1048
1048
1048
1048
1048
1048
1048
1048
1048
1048
1048
1048
1048
1048
1048
1048
1048
1048
1048
1048
1048
1048
1048
1048
1048
1048
1048
1048
3552
7151
7133
7116
7099
7082
7066
7051
7037
7024
7011
6998
6985
6973
6961
6949
6937
6925
6914
6903
6892
6881
6870
6859
6848
6837
6826
6816
6806
6796
6786
6776
6766
6756
6746
6736
6726
6716
6707
6698
6689
6680
6671
6662
6653
6644
6635
6626
6617
6608
6599
6590
6581
6572
6563
6554
6545
6536
6528
6520
6512
6504
6496
6488
6480
6472
6464
6456
6448
6440
6432
6424
6416
6408
6400
6392
6384
6376
6368
6360
6352
6344
6336
6328
6320
6312
6304
6296
6289
6282
6275
6268
6261
6254
6247
6240
6233
6226
6219
6212
6205
6198
6191
6184
6177
6170
6163
6156
6149
6142
6135
6128
6121
6114
6107
6100
6093
6086
6079
6072
6065
6058
6051
6044
6037
6030
6023
6016
6009
6002
5995
5988
5981
5974
5967
5960
5954
5948
5942
5936
5930
5924
5918
5912
5906
5900
5894
5888
5882
5876
5870
5864
5858
5852
5846
5840
5834
5828
5822
5816
5810
5804
5798
5792
5786
5780
5774
5768
5762
5756
5750
5744
5738
5732
5726
5720
5714
5708
5702
5696
5690
5684
5678
5672
5666
5660
5654
5648
5642
5636
5630
5624
5618
5612
5606
5600
5594
5588
5582
5576
5570
5564
5558
5552
5546
5540
5535
5530
5525
5520
5515
5510
5505
5500
5495
5490
5485
5480
5475
5470
5465
5460
5455
5450
5445
5440
5435
5430
5425
5420
5415
5410
5405
5400
5395
5390
5385
5380
5375
5370
5365
5360
5355
5350
5345
5340
5335
5330
5325
5320
5315
5310
5305
5300
5295
5290
5285
5280
5275
5270
5265
5260
5255
5250
5245
5240
5235
5230
5225
5220
5215
5210
5205
5200
5195
5190
5185
5180
5175
5170
5165
5160
5155
5150
5145
5140
5135
5130
5125
5120
5115
5110
5105
5100
5095
5090
5085
5080
5075
5070
5065
5060
5055
5050
5045
5040
5035
5030
5025
5020
5015
5010
5005
5000
4995
4990
4985
4980
4975
4970
4965
4960
4955
4950
4945
4940
4935
4930
4925
4921
4917
4913
4909
4905
4901
4897
4893
4889
4885
4881
4877
4873
4869
4865
4861
4857
4853
4849
4845
4841
4837
4833
4829
4825
4821
4817
4813
4809
4805
4801
4797
4793
4789
4785
4781
4777
4773
4769
4765
4761
4757
4753
4749
4745
4741
4737
4733
4729
4725
4721
4717
4713
4709
4705
4701
4697
4693
4689
4685
4681
4677
4673
4669
4665
4661
4657
4653
4649
4645
4641
4637
4633
4629
4625
4621
4617
4613
4609
4605
4601
4597
4593
4589
4585
4581
4577
4573
4569
4565
4561
4557
4553
4549
4545
4541
4537
4533
4529
4525
4521
4517
4513
4509
4505
4501
4497
4493
4489
4485
4481
4477
4473
4469
4465
4461
4457
4453
4449
4445
4441
4437
4433
4429
4425
4421
4417
4413
4409
4405
4401
4397
4393
4389
4385
4381
4377
4373
4369
4365
4361
4357
4353
4349
4345
4341
4337
4333
4329
4325
4321
4317
4313
4309
4305
4301
4297
4293
4289
4285
4281
4277
4273
4269
4265
4261
4257
4253
4249
4245
4241
4237
4233
4229
4225
4221
4217
4213
4209
4205
4201
4197
4193
4189
4185
4181
4177
4173
4169
4165
4161
4157
4154
4151
4148
4145
4142
4139
4136
4133
4130
4127
4124
4121
4118
4115
4112
4109
4106
4103
4100
4097
4094
4091
4088
4085
4082
4079
4076
4073
4070
4067
4064
4061
4058
4055
4052
4049
4046
4043
4040
4037
4034
4031
4028
4025
4022
4019
4016
4013
4010
4007
4004
4001
3998
3995
3992
3989
3986
3983
3980
3977
3974
3971
3968
3965
3962
3959
3956
3953
3950
3947
3944
3941
3938
3935
3932
3929
3926
3923
3920
3917
3914
3911
3908
3905
3902
3899
3896
3893
3890
3887
3884
3881
3878
3875
3872
3869
3866
3863
3860
3857
3854
3851
3848
3845
3842
3839
3836
3833
3830
3827
3824
3821
3818
3815
3812
3809
3806
3803
3800
3797
3794
3791
3788
3785
3782
3779
3776
3773
3770
3767
3764
3761
3758
3755
3752
3749
3746
3743
3740
3737
3734
3731
3728
3725
3722
3719
3716
3713
3710
3707
3704
3701
3698
3695
3692
3689
3686
3683
3680
3677
3674
3671
3668
3665
3662
3659
3656
3653
3650
3647
3644
3641
3638
3635
3632
3629
3626
3623
3620
3617
3614
3611
3608
3605
3602
3599
3596
3593
3590
3587
3584
3581
3578
3575
3572
3569
3566
3563
3560
3557
3554
3551
3548
3545
3542
3539
3536
3533
3530
3527
3524
3521
3518
3515
3512
3509
3506
3503
3500
3497
3494
3491
3488
3485
3482
3479
3476
3473
3470
3467
3464
3461
3458
3455
3452
3449
3446
3443
3440
3437
3434
3431
3428
3425
3422
3419
3416
3413
3410
3407
3404
3401
3398
3395
3392
3389
3386
3383
3380
3377
3374
3371
3368
3365
3362
3359
3356
3353
3350
3347
3344
3341
3338
3335
3332
3329
3326
3323
3320
3317
3314
3311
3308
3305
3302
3299
3296
3293
3290
3287
3284
3281
3278
3275
3272
3269
3266
3263
3261
3259
3257
3255
3253
3251
3249
3247
3245
3243
3241
3239
3237
3235
3233
3231
3229
3227
3225
3223
3221
3219
3217
3215
3213
3211
3209
3207
3205
3203
3201
3199
3197
3195
3193
3191
3189
3187
3185
3183
3181
3179
3177
3175
3173
3171
3169
3167
3165
3163
3161
3159
3157
3155
3153
3151
3149
3147
3145
3143
3141
3139
3137
3135
3133
3131
3129
3127
3125
3123
3121
3119
3117
3115
3113
3111
3109
3107
3105
3103
3101
3099
3097
3095
3093
3091
3089
3087
3085
3083
3081
3079
3077
3075
3073
3071
3069
3067
3065
3063
3061
3059
3057
3055
3053
3051
3049
3047
3045
3043
3041
3039
3037
3035
3033
3031
3029
3027
3025
3023
3021
3019
3017
3015
3013
3011
3009
3007
3005
3003
3001
2999
2997
2995
2993
2991
2989
2987
2985
2983
2981
2979
2977
2975
2973
2971
2969
2967
2965
2963
2961
2959
2957
2955
2953
2951
2949
2947
2945
2943
2941
2939
2937
2935
2933
2931
2929
2927
2925
2923
2921
2919
2917
2915
2913
2911
2909
2907
2905
2903
1066
3855
11005
10987
10969
10952
10935
10918
10901
10884
10867
10850
10833
10817
10801
10786
10771
10757
10743
10729
10716
10703
10690
10677
10664
10651
10638
10625
10613
10601
10589
10577
10565
10553
10541
10529
10517
10506
10495
10484
10473
10462
10451
10440
10429
10418
10407
10396
10385
10374
10363
10352
10341
10331
10321
10311
10301
10291
10281
10271
10261
10251
10241
10231
10221
10211
10201
10191
10181
10171
10161
10151
10141
10132
10123
10114
10105
10096
10087
10078
10069
10060
10051
10042
10033
10024
10015
10006
9997
9988
9979
9970
9961
9952
9943
9934
9925
9916
9907
9898
9889
9880
9871
9862
9853
9844
9835
9826
9818
9810
9802
9794
9786
9778
9770
9762
9754
9746
9738
9730
9722
9714
9706
9698
9690
9682
9674
9666
9658
9650
9642
9634
9626
9618
9610
9602
9594
9586
9578
9570
9562
9554
9546
9538
9530
9522
9514
9506
9498
9490
9482
9474
9466
9458
9450
9443
9436
9429
9422
9415
9408
9401
9394
9387
9380
9373
9366
9359
9352
9345
9338
9331
9324
9317
9310
9303
9296
9289
9282
9275
9268
9261
9254
9247
9240
9233
9226
9219
9212
9205
9198
9191
9184
9177
9170
9163
9156
9149
9142
9135
9128
9121
9114
9107
9100
9093
9086
9079
9072
9065
9058
9051
9044
9037
9030
9023
9016
9009
9002
8995
8988
8981
8974
8967
8961
8955
8949
8943
8937
8931
8925
8919
8913
8907
8901
8895
8889
8883
8877
8871
8865
8859
8853
8847
8841
8835
8829
8823
8817
8811
8805
8799
8793
8787
8781
8775
8769
8763
8757
8751
8745
8739
8733
8727
8721
8715
8709
8703
8697
8691
8685
8679
8673
8667
8661
8655
8649
8643
8637
8631
8625
8619
8613
8607
8601
8595
8589
8583
8577
8571
8565
8559
8553
8547
8541
8535
8529
8523
8517
8511
8505
8499
8493
8487
8481
8475
8469
8463
8457
8451
8445
8439
8433
8427
8421
8415
8409
8403
8397
8391
8385
8379
8373
8367
8361
8355
8349
8343
8337
8331
8325
8320
8315
8310
8305
8300
8295
8290
8285
8280
8275
8270
8265
8260
8255
8250
8245
8240
8235
8230
8225
8220
8215
8210
8205
8200
8195
8190
8185
8180
8175
8170
8165
8160
8155
8150
8145
8140
8135
8130
8125
8120
8115
8110
8105
8100
8095
8090
8085
8080
8075
8070
8065
8060
8055
8050
8045
8040
8035
8030
8025
8020
8015
8010
8005
8000
7995
7990
7985
7980
7975
7970
7965
7960
7955
7950
7945
7940
7935
7930
7925
7920
7915
7910
7905
7900
7895
7890
7885
7880
7875
7870
7865
7860
7855
7850
7845
7840
7835
7830
7825
7820
7815
7810
7805
7800
7795
7790
7785
7780
7775
7770
7765
7760
7755
7750
7745
7740
7735
7730
7725
7720
7715
7710
7705
7700
7695
7690
7685
7680
7675
7670
7665
7660
7655
7650
7645
7640
7635
7630
7625
7620
7615
7610
7605
7600
7595
7590
7585
7580
7575
7570
7565
7560
7555
7550
7545
7540
7535
7530
7525
7520
7515
7510
7505
7500
7495
7490
7485
7480
7475
7470
7465
7460
7455
7450
7445
7440
7435
7430
7425
7420
7415
7410
7405
7400
7395
7390
7385
7380
7375
7370
7365
7361
7357
7353
7349
7345
7341
7337
7333
7329
7325
7321
7317
7313
7309
7305
7301
7297
7293
7289
7285
7281
7277
7273
7269
7265
7261
7257
7253
7249
7245
7241
7237
7233
7229
7225
7221
7217
7213
7209
7205
7201
7197
7193
7189
7185
7181
7177
7173
7169
7165
7161
7157
7153
7149
7145
7141
7137
7133
7129
7125
7121
7117
7113
7109
7105
7101
7097
7093
7089
7085
7081
7077
7073
7069
7065
7061
7057
7053
7049
7045
7041
7037
7033
7029
7025
7021
7017
7013
7009
7005
7001
6997
6993
6989
6985
6981
6977
6973
6969
6965
6961
6957
6953
6949
6945
6941
6937
6933
6929
6925
6921
6917
6913
6909
6905
6901
6897
6893
6889
6885
6881
6877
6873
6869
6865
6861
6857
6853
6849
6845
6841
6837
6833
6829
6825
6821
6817
6813
6809
6805
6801
6797
6793
6789
6785
6781
6777
6773
6769
6765
6761
6757
6753
6749
6745
6741
6737
6733
6729
6725
6721
6717
6713
6709
6705
6701
6697
6693
6689
6685
6681
6677
6673
6669
6665
6661
6657
6653
6649
6645
6641
6637
6633
6629
6625
6621
6617
6613
6609
6605
6601
6597
6593
6589
6585
6581
6577
6573
6569
6565
6561
6557
6553
6549
6545
6541
6537
6533
6529
6525
6521
6517
6513
6509
6505
6501
6497
6493
6489
6485
6481
6477
6473
6469
6465
6461
6457
6453
6449
6445
6441
6437
6433
6429
6425
6421
6417
6413
6409
6405
6401
6397
6393
6389
6385
6381
6377
6373
6369
6365
6361
6357
6353
6349
6345
6341
6337
6333
6329
6325
6321
6317
6313
6309
6305
6301
6297
6293
6289
6285
6281
6277
6273
6269
6265
6261
6257
6253
6249
6245
6241
6237
6233
6229
6225
6221
6217
6213
6209
6206
6203
6200
6197
6194
6191
6188
6185
6182
6179
6176
6173
6170
6167
6164
6161
6158
6155
6152
6149
6146
6143
6140
6137
6134
6131
6128
6125
6122
6119
6116
6113
6110
6107
6104
6101
6098
6095
6092
6089
6086
6083
6080
6077
6074
6071
6068
6065
6062
6059
6056
6053
6050
6047
6044
6041
6038
6035
6032
6029
6026
6023
6020
6017
6014
6011
6008
6005
6002
5999
5996
5993
5990
5987
5984
5981
5978
5975
5972
5969
5966
5963
5960
5957
5954
5951
5948
5945
5942
5939
5936
5933
5930
5927
5924
5921
5918
5915
5912
5909
5906
5903
5900
5897
5894
5891
5888
5885
5882
5879
5876
5873
5870
5867
5864
5861
5858
5855
5852
5849
5846
5843
5840
5837
5834
5831
5828
5825
5822
5819
5816
5813
5810
5807
5804
5801
5798
5795
5792
5789
5786
5783
5780
5777
5774
5771
5768
5765
5762
5759
5756
5753
5750
5747
5744
5741
5738
5735
5732
5729
5726
5723
5720
5717
5714
5711
5708
5705
5702
5699
5696
5693
5690
5687
5684
5681
5678
5675
5672
5669
5666
5663
5660
5657
5654
5651
5648
5645
1083
3645
14649
14630
14611
14593
14575
14557
14540
14523
14506
14489
14472
14455
14438
14421
14404
14388
14372
14357
14342
14327
14312
14298
14284
14270
14257
14244
14231
14218
14205
14192
14179
14166
14153
14141
14129
14117
14105
14093
14081
14069
14057
14045
14033
14022
14011
14000
13989
13978
13967
13956
13945
13934
13923
13912
13901
13890
13879
13868
13857
13846
13835
13824
13813
13802
13791
13781
13771
13761
13751
13741
13731
13721
13711
13701
13691
13681
13671
13661
13651
13641
13631
13621
13611
13601
13591
13581
13571
13561
13552
13543
13534
13525
13516
13507
13498
13489
13480
13471
13462
13453
13444
13435
13426
13417
13408
13399
13390
13381
13372
13363
13354
13345
13336
13327
13318
13309
13300
13291
13282
13273
13264
13255
13246
13237
13228
13219
13210
13201
13192
13183
13174
13165
13156
13147
13138
13129
13120
13111
13103
13095
13087
13079
13071
13063
13055
13047
13039
13031
13023
13015
13007
12999
12991
12983
12975
12967
12959
12951
12943
12935
12927
12919
12911
12903
12895
12887
12879
12871
12863
12855
12847
12839
12831
12823
12815
12807
12799
12791
12783
12775
12767
12759
12751
12743
12735
12727
12719
12711
12703
12695
12687
12679
12671
12663
12655
12647
12639
12631
12623
12615
12608
12601
12594
12587
12580
12573
12566
12559
12552
12545
12538
12531
12524
12517
12510
12503
12496
12489
12482
12475
12468
12461
12454
12447
12440
12433
12426
12419
12412
12405
12398
12391
12384
12377
12370
12363
12356
12349
12342
12335
12328
12321
12314
12307
12300
12293
12286
12279
12272
12265
12258
12251
12244
12237
12230
12223
12216
12209
12202
12195
12188
12181
12174
12167
12160
12153
12146
12139
12132
12125
12118
12111
12104
12097
12090
12083
12076
12069
12062
12055
12048
12041
12034
12027
12020
12013
12006
11999
11992
11985
11978
11971
11964
11958
11952
11946
11940
11934
11928
11922
11916
11910
11904
11898
11892
11886
11880
11874
11868
11862
11856
11850
11844
11838
11832
11826
11820
11814
11808
11802
11796
11790
11784
11778
11772
11766
11760
11754
11748
11742
11736
11730
11724
11718
11712
11706
11700
11694
11688
11682
11676
11670
11664
11658
11652
11646
11640
11634
11628
11622
11616
11610
11604
11598
11592
11586
11580
11574
11568
11562
11556
11550
11544
11538
11532
11526
11520
11514
11508
11502
11496
11490
11484
11478
11472
11466
11460
11454
11448
11442
11436
11430
11424
11418
11412
11406
11400
11394
11388
11382
11376
11370
11364
11358
11352
11346
11340
11334
11328
11322
11316
11310
11304
11298
11292
11286
11280
11274
11268
11262
11256
11250
11244
11238
11232
11226
11220
11214
11208
11202
11196
11190
11184
11178
11172
11166
11160
11154
11148
11142
11136
11130
11124
11118
11112
11106
11101
11096
11091
11086
11081
11076
11071
11066
11061
11056
11051
11046
11041
11036
11031
11026
11021
11016
11011
11006
11001
10996
10991
10986
10981
10976
10971
10966
10961
10956
10951
10946
10941
10936
10931
10926
10921
10916
10911
10906
10901
10896
10891
10886
10881
10876
10871
10866
10861
10856
10851
10846
10841
10836
10831
10826
10821
10816
10811
10806
10801
10796
10791
10786
10781
10776
10771
10766
10761
10756
10751
10746
10741
10736
10731
10726
10721
10716
10711
10706
10701
10696
10691
10686
10681
10676
10671
10666
10661
10656
10651
10646
10641
10636
10631
10626
10621
10616
10611
10606
10601
10596
10591
10586
10581
10576
10571
10566
10561
10556
10551
10546
10541
10536
10531
10526
10521
10516
10511
10506
10501
10496
10491
10486
10481
10476
10471
10466
10461
10456
10451
10446
10441
10436
10431
10426
10421
10416
10411
10406
10401
10396
10391
10386
10381
10376
10371
10366
10361
10356
10351
10346
10341
10336
10331
10326
10321
10316
10311
10306
10301
10296
10291
10286
10281
10276
10271
10266
10261
10256
10251
10246
10241
10236
10231
10226
10221
10216
10211
10206
10201
10196
10191
10186
10181
10176
10171
10166
10161
10156
10151
10146
10141
10136
10131
10126
10121
10116
10111
10106
10101
10096
10091
10086
10081
10076
10071
10066
10061
10056
10051
10046
10041
10036
10031
10026
10021
10016
10011
10006
10001
9996
9991
9986
9981
9976
9971
9966
9961
9956
9951
9946
9941
9936
9931
9926
9921
9916
9911
9906
9901
9896
9891
9886
9881
9876
9871
9866
9861
9856
9851
9846
9841
9837
9833
9829
9825
9821
9817
9813
9809
9805
9801
9797
9793
9789
9785
9781
9777
9773
9769
9765
9761
9757
9753
9749
9745
9741
9737
9733
9729
9725
9721
9717
9713
9709
9705
9701
9697
9693
9689
9685
9681
9677
9673
9669
9665
9661
9657
9653
9649
9645
9641
9637
9633
9629
9625
9621
9617
9613
9609
9605
9601
9597
9593
9589
9585
9581
9577
9573
9569
9565
9561
9557
9553
9549
9545
9541
9537
9533
9529
9525
9521
9517
9513
9509
9505
9501
9497
9493
9489
9485
9481
9477
9473
9469
9465
9461
9457
9453
9449
9445
9441
9437
9433
9429
9425
9421
9417
9413
9409
9405
9401
9397
9393
9389
9385
9381
9377
9373
9369
9365
9361
9357
9353
9349
9345
9341
9337
9333
9329
9325
9321
9317
9313
9309
9305
9301
9297
9293
9289
9285
9281
9277
9273
9269
9265
9261
9257
9253
9249
9245
9241
9237
9233
9229
9225
9221
9217
9213
9209
9205
9201
9197
9193
9189
9185
9181
9177
9173
9169
9165
9161
9157
9153
9149
9145
9141
9137
9133
9129
9125
9121
9117
9113
9109
9105
9101
9097
9093
9089
9085
9081
9077
9073
9069
9065
9061
9057
9053
9049
9045
9041
9037
9033
9029
9025
9021
9017
9013
9009
9005
9001
8997
8993
8989
8985
8981
8977
8973
8969
8965
8961
8957
8953
8949
8945
8941
8937
8933
8929
8925
8921
8917
8913
8909
8905
8901
8897
8893
8889
8885
8881
8877
8873
8869
8865
8861
8857
8853
8849
8845
8841
8837
8833
8829
8825
8821
8817
8813
8809
8805
8801
8797
8793
8789
8785
8781
8777
8773
8769
8765
8761
8757
8753
8749
8745
8741
8737
8733
8729
8725
8721
8717
8713
8709
8705
8701
8697
8693
8689
8685
8681
8677
8673
8669
8665
8661
8657
8653
8649
8645
8641
8637
8633
8629
8625
8621
8617
8613
8609
8605
1081
3607
18254
18234
18215
18196
18178
18160
18142
18125
18108
18091
18074
18057
18040
18023
18006
17989
17973
17957
17942
17927
17912
17897
17882
17868
17854
17840
17826
17812
17798
17785
17772
17759
17746
17733
17720
17707
17694
17681
17669
17657
17645
17633
17621
17609
17597
17585
17573
17561
17549
17537
17525
17514
17503
17492
17481
17470
17459
17448
17437
17426
17415
17404
17393
17382
17371
17360
17349
17338
17327
17316
17305
17294
17283
17272
17261
17250
17240
17230
17220
17210
17200
17190
17180
17170
17160
17150
17140
17130
17120
17110
17100
17090
17080
17070
17060
17050
17040
17030
17020
17010
17000
16990
16980
16970
16960
16950
16940
16930
16920
16910
16900
16891
16882
16873
16864
16855
16846
16837
16828
16819
16810
16801
16792
16783
16774
16765
16756
16747
16738
16729
16720
16711
16702
16693
16684
16675
16666
16657
16648
16639
16630
16621
16612
16603
16594
16585
16576
16567
16558
16549
16540
16531
16522
16513
16504
16495
16486
16477
16468
16459
16450
16441
16432
16423
16414
16405
16396
16387
16378
16369
16360
16351
16342
16333
16324
16315
16306
16297
16289
16281
16273
16265
16257
16249
16241
16233
16225
16217
16209
16201
16193
16185
16177
16169
16161
16153
16145
16137
16129
16121
16113
16105
16097
16089
16081
16073
16065
16057
16049
16041
16033
16025
16017
16009
16001
15993
15985
15977
15969
15961
15953
15945
15937
15929
15921
15913
15905
15897
15889
15881
15873
15865
15857
15849
15841
15833
15825
15817
15809
15801
15793
15785
15777
15769
15761
15753
15745
15737
15729
15721
15713
15705
15697
15690
15683
15676
15669
15662
15655
15648
15641
15634
15627
15620
15613
15606
15599
15592
15585
15578
15571
15564
15557
15550
15543
15536
15529
15522
15515
15508
15501
15494
15487
15480
15473
15466
15459
15452
15445
15438
15431
15424
15417
15410
15403
15396
15389
15382
15375
15368
15361
15354
15347
15340
15333
15326
15319
15312
15305
15298
15291
15284
15277
15270
15263
15256
15249
15242
15235
15228
15221
15214
15207
15200
15193
15186
15179
15172
15165
15158
15151
15144
15137
15130
15123
15116
15109
15102
15095
15088
15081
15074
15067
15060
15053
15046
15039
15032
15025
15018
15011
15004
14997
14990
14983
14976
14969
14962
14955
14948
14941
14934
14927
14920
14913
14906
14899
14892
14885
14878
14871
14864
14857
14850
14843
14836
14829
14822
14815
14809
14803
14797
14791
14785
14779
14773
14767
14761
14755
14749
14743
14737
14731
14725
14719
14713
14707
14701
14695
14689
14683
14677
14671
14665
14659
14653
14647
14641
14635
14629
14623
14617
14611
14605
14599
14593
14587
14581
14575
14569
14563
14557
14551
14545
14539
14533
14527
14521
14515
14509
14503
14497
14491
14485
14479
14473
14467
14461
14455
14449
14443
14437
14431
14425
14419
14413
14407
14401
14395
14389
14383
14377
14371
14365
14359
14353
14347
14341
14335
14329
14323
14317
14311
14305
14299
14293
14287
14281
14275
14269
14263
14257
14251
14245
14239
14233
14227
14221
14215
14209
14203
14197
14191
14185
14179
14173
14167
14161
14155
14149
14143
14137
14131
14125
14119
14113
14107
14101
14095
14089
14083
14077
14071
14065
14059
14053
14047
14041
14035
14029
14023
14017
14011
14005
13999
13993
13987
13981
13975
13969
13963
13957
13951
13945
13939
13933
13927
13921
13915
13909
13903
13897
13891
13885
13879
13873
13867
13861
13855
13849
13843
13837
13831
13825
13819
13813
13807
13801
13795
13789
13783
13777
13772
13767
13762
13757
13752
13747
13742
13737
13732
13727
13722
13717
13712
13707
13702
13697
13692
13687
13682
13677
13672
13667
13662
13657
13652
13647
13642
13637
13632
13627
13622
13617
13612
13607
13602
13597
13592
13587
13582
13577
13572
13567
13562
13557
13552
13547
13542
13537
13532
13527
13522
13517
13512
13507
13502
13497
13492
13487
13482
13477
13472
13467
13462
13457
13452
13447
13442
13437
13432
13427
13422
13417
13412
13407
13402
13397
13392
13387
13382
13377
13372
13367
13362
13357
13352
13347
13342
13337
13332
13327
13322
13317
13312
13307
13302
13297
13292
13287
13282
13277
13272
13267
13262
13257
13252
13247
13242
13237
13232
13227
13222
13217
13212
13207
13202
13197
13192
13187
13182
13177
13172
13167
13162
13157
13152
13147
13142
13137
13132
13127
13122
13117
13112
13107
13102
13097
13092
13087
13082
13077
13072
13067
13062
13057
13052
13047
13042
13037
13032
13027
13022
13017
13012
13007
13002
12997
12992
12987
12982
12977
12972
12967
12962
12957
12952
12947
12942
12937
12932
12927
12922
12917
12912
12907
12902
12897
12892
12887
12882
12877
12872
12867
12862
12857
12852
12847
12842
12837
12832
12827
12822
12817
12812
12807
12802
12797
12792
12787
12782
12777
12772
12767
12762
12757
12752
12747
12742
12737
12732
12727
12722
12717
12712
12707
12702
12697
12692
12687
12682
12677
12672
12667
12662
12657
12652
12647
12642
12637
12632
12627
12622
12617
12612
12607
12602
12597
12592
12587
12582
12577
12572
12567
12562
12557
12552
12547
12542
12537
12532
12527
12522
12517
12512
12507
12502
12497
12492
12487
12482
12477
12472
12467
12462
12457
12452
12447
12442
12437
12432
12427
12422
12417
12412
12407
12402
12397
12392
12387
12382
12377
12372
12367
12362
12357
12352
12347
12342
12337
12332
12327
12322
12317
12312
12307
12302
12297
12292
12287
12282
12277
12272
12268
12264
12260
12256
12252
12248
12244
12240
12236
12232
12228
12224
12220
12216
12212
12208
12204
12200
12196
12192
12188
12184
12180
12176
12172
12168
12164
12160
12156
12152
12148
12144
12140
12136
12132
12128
12124
12120
12116
12112
12108
12104
12100
12096
12092
12088
12084
12080
12076
12072
12068
12064
12060
12056
12052
12048
12044
12040
12036
12032
12028
12024
12020
12016
12012
12008
12004
12000
11996
11992
11988
11984
11980
11976
11972
11968
11964
11960
11956
11952
11948
11944
11940
11936
11932
11928
11924
11920
11916
11912
11908
11904
11900
11896
11892
11888
11884
11880
11876
11872
11868
11864
11860
11856
11852
11848
11844
11840
11836
11832
11828
11824
11820
11816
11812
11808
11804
11800
11796
11792
11788
11784
11780
11776
11772
11768
11764
11760
11756
11752
11748
11744
11740
11736
11732
11728
11724
11720
11716
11712
11708
11704
11700
11696
11692
1091
510365
528124
527608
527092
526576
526061
525546
525031
524516
524001
523487
522973
522459
521946
521433
520920
520407
519894
519381
518868
518356
517844
517332
516820
516308
515796
515284
514772
514260
513748
513236
512724
512212
511700
511188
510676
510164
509652
509140
508628
508116
507604
507092
506580
506068
505556
505044
504533
504022
503511
503000
502489
501978
501467
500956
500445
499934
499423
498912
498401
497890
497379
496868
496357
495846
495335
494824
494313
493802
493291
492780
492269
491758
491247
490736
490225
489714
489203
488692
488181
487670
487159
486648
486137
485626
485115
484604
484093
483582
483071
482560
482049
481538
481027
480516
480005
479494
478983
478472
477961
477450
476939
476428
475917
475406
474895
474384
473873
473362
472851
472340
471829
471318
470807
470296
469785
469274
468763
468252
467741
467230
466719
466208
465697
465186
464675
464164
463653
463143
462633
462123
461613
461103
460593
460083
459573
459063
458553
458043
457533
457023
456513
456003
455493
454983
454473
453963
453453
452943
452433
451923
451413
450903
450393
449883
449373
448863
448353
447843
447333
446823
446313
445803
445293
444783
444273
443763
443253
442743
442233
441723
441213
440703
440193
439683
439173
438663
438153
437643
437133
436623
436113
435603
435093
434583
434073
433563
433053
432543
432033
431523
431013
430503
429993
429483
428973
428463
427953
427443
426933
426423
425913
425403
424893
424383
423873
423363
422853
422343
421833
421323
420813
420303
419793
419283
418773
418263
417753
417243
416733
416223
415713
415203
414693
414183
413673
413163
412653
412143
411633
411123
410613
410103
409593
409083
408573
408063
407553
407043
406533
406023
405513
405003
404493
403983
403473
402963
402453
401943
401433
400923
400413
399903
399393
398883
398373
397863
397353
396843
396333
395823
395313
394803
394293
393783
393273
392763
392253
391743
391233
390723
390213
389703
389193
388683
388173
387663
387153
386643
386133
385623
385113
384603
384093
383583
383073
382563
382053
381543
381033
380523
380013
379503
378993
378483
377973
377463
376953
376443
375933
375423
374913
374403
373893
373383
372873
372363
371853
371343
370833
370323
369813
369303
368793
368283
367773
367263
366753
366243
365733
365223
364713
364203
363693
363183
362673
362163
361653
361143
360633
360123
359613
359103
358593
358083
357573
357063
356553
356043
355533
355023
354513
354003
353493
352983
352473
351963
351453
350943
350433
349923
349413
348903
348393
347883
347373
346863
346353
345843
345333
344823
344313
343803
343293
342783
342273
341763
341254
340745
340236
339727
339218
338709
338200
337691
337182
336673
336164
335655
335146
334637
334128
333619
333110
332601
332092
331583
331074
330565
330056
329547
329038
328529
328020
327511
327002
326493
325984
325475
324966
324457
323948
323439
322930
322421
321912
321403
320894
320385
319876
319367
318858
318349
317840
317331
316822
316313
315804
315295
314786
314277
313768
313259
312750
312241
311732
311223
310714
310205
309696
309187
308678
308169
307660
307151
306642
306133
305624
305115
304606
304097
303588
303079
302570
302061
301552
301043
300534
300025
299516
299007
298498
297989
297480
296971
296462
295953
295444
294935
294426
293917
293408
292899
292390
291881
291372
290863
290354
289845
289336
288827
288318
287809
287300
286791
286282
285773
285264
284755
284246
283737
283228
282719
282210
281701
281192
280683
280174
279665
279156
278647
278138
277629
277120
276611
276102
275593
275084
274575
274066
273557
273048
272539
272030
271521
271012
270503
269994
269485
268976
268467
267958
267449
266940
266431
265922
265413
264904
264395
263886
263377
262868
262359
261850
261341
260832
260323
259814
259305
258796
258287
257778
257269
256760
256251
255742
255233
254724
254215
253706
253197
252688
252179
251670
251161
250652
250143
249634
249125
248616
248107
247598
247089
246580
246071
245562
245053
244544
244035
243526
243018
242510
242002
241494
240986
240478
239970
239462
238954
238446
237938
237430
236922
236414
235906
235398
234890
234382
233874
233366
232858
232350
231842
231334
230826
230318
229810
229302
228794
228286
227778
227270
226762
226254
225746
225238
224730
224222
223714
223206
222698
222190
221682
221174
220666
220158
219650
219142
218634
218126
217618
217110
216602
216094
215586
215078
214570
214062
213554
213046
212538
212030
211522
211014
210506
209998
209490
208982
208474
207966
207458
206950
206442
205934
205426
204918
204410
203902
203394
202886
202378
201870
201362
200854
200346
199838
199330
198822
198314
197806
197298
196790
196282
195774
195266
194758
194250
193742
193234
192726
192218
191710
191202
190694
190186
189678
189170
188662
188154
187646
187138
186630
186122
185614
185106
184598
184090
183582
183074
182566
182058
181550
181042
180534
180026
179518
179010
178502
177994
177486
176978
176470
175962
175454
174946
174438
173930
173422
172914
172406
171898
171390
170882
170374
169866
169358
168850
168342
167834
167326
166818
166310
165802
165294
164786
164278
163770
163262
162754
162246
161738
161230
160722
160214
159706
159198
158690
158182
157674
157166
156658
156150
155642
155134
154626
154118
153610
153102
152594
152086
151578
151070
150562
150054
149546
149038
148530
148022
147514
147006
146498
145990
145482
144974
144466
143958
143450
142942
142434
141926
141418
140910
140402
139894
139386
138878
138370
137862
137354
136846
136338
135830
135322
134814
134306
133798
133290
132782
132274
131766
131258
130750
130242
129734
129226
128718
128210
127702
127194
126686
126178
125670
125162
124654
124146
123638
123130
122622
122114
121606
121099
120592
120085
119578
119071
118564
118057
117550
117043
116536
116029
115522
115015
114508
114001
113494
112987
112480
111973
111466
110959
110452
109945
109438
108931
108424
107917
107410
106903
106396
105889
105382
104875
104368
103861
103354
102847
102340
101833
101326
100819
100312
99805
99298
98791
98284
97777
97270
96763
96256
95749
95242
94735
94228
93721
93214
92707
92200
91693
91186
90679
90172
89665
89158
88651
88144
87637
87130
86623
86116
85609
85102
84595
84088
83581
83074
82567
82060
81553
81046
80539
80032
79525
79018
78511
78004
77497
76990
76483
75976
75469
74962
74455
73948
73441
72934
72427
71920
71413
70906
70399
69892
69385
68878
68371
67864
67357
66850
66343
65836
65329
64822
64315
63808
63301
62794
62287
61780
61274
60768
60262
59756
59250
58744
58238
57732
57226
56720
56214
55708
55202
54696
54190
53684
53178
52672
52166
51660
51154
50648
50142
49636
49130
48624
48118
47612
47106
46600
46094
45588
45082
44576
44070
43564
43058
42552
42046
41540
41034
40528
40022
39516
39010
38504
37998
37492
36986
36480
35974
35468
34962
34456
33950
33444
32939
32434
31929
31424
30919
30414
29909
29404
28899
28394
27889
27384
26879
26374
25869
25365
24861
24357
23853
23349
22845
22341
21837
21333
20829
2050
510370
1038491
1037974
1037458
1036942
1036426
1035911
1035396
1034881
1034366
1033851
1033336
1032821
1032306
1031792
1031278
1030764
1030250
1029736
1029222
1028708
1028194
1027681
1027168
1026655
1026142
1025629
1025116
1024603
1024090
1023577
1023064
1022551
1022038
1021525
1021012
1020499
1019986
1019474
1018962
1018450
1017938
1017426
1016914
1016402
1015890
1015378
1014866
1014354
1013842
1013330
1012818
1012306
1011794
1011282
1010770
1010258
1009746
1009234
1008722
1008210
1007698
1007186
1006674
1006162
1005650
1005138
1004626
1004114
1003602
1003090
1002578
1002066
1001554
1001042
1000530
1000018
999506
998994
998482
997970
997458
996946
996434
995922
995410
994898
994386
993874
993362
992850
992338
991826
991314
990802
990290
989778
989266
988754
988242
987730
987218
986707
986196
985685
985174
984663
984152
983641
983130
982619
982108
981597
981086
980575
980064
979553
979042
978531
978020
977509
976998
976487
975976
975465
974954
974443
973932
973421
972910
972399
971888
971377
970866
970355
969844
969333
968822
968311
967800
967289
966778
966267
965756
965245
964734
964223
963712
963201
962690
962179
961668
961157
960646
960135
959624
959113
958602
958091
957580
957069
956558
956047
955536
955025
954514
954003
953492
952981
952470
951959
951448
950937
950426
949915
949404
948893
948382
947871
947360
946849
946338
945827
945316
944805
944294
943783
943272
942761
942250
941739
941228
940717
940206
939695
939184
938673
938162
937651
937140
936629
936118
935607
935096
934585
934074
933563
933052
932541
932030
931519
931008
930497
929986
929475
928964
928453
927942
927431
926920
926409
925898
925387
924876
924365
923854
923343
922832
922321
921810
921299
920788
920277
919766
919255
918744
918233
917722
917211
916700
916189
915678
915167
914656
914145
913634
913123
912612
912101
911590
911079
910568
910057
909546
909035
908524
908013
907502
906991
906480
905969
905458
904947
904436
903925
903414
902903
902392
901881
901370
900859
900348
899837
899326
898815
898304
897793
897282
896771
896260
895749
895238
894727
894216
893706
893196
892686
892176
891666
891156
890646
890136
889626
889116
888606
888096
887586
887076
886566
886056
885546
885036
884526
884016
883506
882996
882486
881976
881466
880956
880446
879936
879426
878916
878406
877896
877386
876876
876366
875856
875346
874836
874326
873816
873306
872796
872286
871776
871266
870756
870246
869736
869226
868716
868206
867696
867186
866676
866166
865656
865146
864636
864126
863616
863106
862596
862086
861576
861066
860556
860046
859536
859026
858516
858006
857496
856986
856476
855966
855456
854946
854436
853926
853416
852906
852396
851886
851376
850866
850356
849846
849336
848826
848316
847806
847296
846786
846276
845766
845256
844746
844236
843726
843216
842706
842196
841686
841176
840666
840156
839646
839136
838626
838116
837606
837096
836586
836076
835566
835056
834546
834036
833526
833016
832506
831996
831486
830976
830466
829956
829446
828936
828426
827916
827406
826896
826386
825876
825366
824856
824346
823836
823326
822816
822306
821796
821286
820776
820266
819756
819246
818736
818226
817716
817206
816696
816186
815676
815166
814656
814146
813636
813126
812616
812106
811596
811086
810576
810066
809556
809046
808536
808026
807516
807006
806496
805986
805476
804966
804456
803946
803436
802926
802416
801906
801396
800886
800376
799866
799356
798846
798336
797826
797316
796806
796296
795786
795276
794766
794256
793746
793236
792726
792216
791706
791196
790686
790176
789666
789156
788646
788136
787626
787116
786606
786096
785586
785076
784566
784056
783546
783036
782526
782016
781506
780996
780486
779976
779466
778956
778446
777936
777426
776916
776406
775896
775386
774876
774366
773856
773346
772836
772326
771816
771306
770796
770286
769776
769266
768756
768246
767736
767226
766716
766206
765696
765186
764676
764166
763656
763146
762636
762126
761616
761106
760596
760086
759576
759066
758556
758046
757536
757026
756516
756006
755496
754986
754476
753966
753456
752946
752436
751926
751416
750906
750396
749886
749376
748866
748356
747846
747336
746826
746316
745806
745296
744786
744276
743766
743256
742746
742236
741726
741216
740706
740196
739686
739176
738666
738156
737646
737136
736626
736116
735606
735096
734586
734076
733566
733056
732546
732036
731526
731016
730506
729996
729486
728976
728466
727956
727446
726936
726426
725916
725406
724896
724386
723876
723366
722856
722346
721836
721326
720816
720306
719796
719286
718776
718266
717756
717246
716736
716226
715716
715206
714696
714186
713676
713166
712656
712146
711636
711126
710616
710106
709596
709086
708576
708066
707556
707046
706536
706026
705516
705006
704496
703986
703476
702966
702456
701946
701436
700926
700416
699906
699396
698886
698376
697866
697356
696846
696336
695826
695316
694806
694296
693786
693276
692766
692256
691746
691236
690726
690216
689706
689196
688686
688176
687666
687156
686646
686136
685626
685116
684606
684096
683586
683076
682566
682056
681546
681036
680526
680016
679506
678996
678486
677976
677466
676956
676446
675936
675426
674916
674406
673896
673386
672876
672366
671856
671346
670836
670326
669816
669306
668796
668286
667776
667266
666756
666246
665736
665226
664717
664208
663699
663190
662681
662172
661663
661154
660645
660136
659627
659118
658609
658100
657591
657082
656573
656064
655555
655046
654537
654028
653519
653010
652501
651992
651483
650974
650465
649956
649447
648938
648429
647920
647411
646902
646393
645884
645375
644866
644357
643848
643339
642830
642321
641812
641303
640794
640285
639776
639267
638758
638249
637740
637231
636722
636213
635704
635195
634686
634177
633668
633159
632650
632141
631632
631123
630614
630105
629596
629087
628578
628069
627560
627051
626542
626033
625524
625015
624506
623997
623488
622979
622470
621961
621452
620943
620434
619925
619416
618907
618398
617889
617380
616871
616362
615853
615344
614835
614326
613817
613308
612799
612290
611781
611272
610763
610254
609745
609236
608727
608218
607709
607200
606691
606182
605673
605164
604655
604146
603637
603128
602619
602110
601601
601092
600583
600074
599565
599056
598547
598038
597529
597020
596511
596002
595493
594984
594475
593966
593457
592948
592439
591930
591421
590912
590403
589894
589385
588876
588367
587858
587349
586840
586331
585822
585313
584804
584295
583786
583277
582768
582259
581750
581241
580732
580223
579714
579205
578696
578187
577678
577169
576660
576151
575642
575133
574624
574115
573606
573097
572588
572079
571570
571061
570552
570043
569534
569025
568516
568007
567498
566989
566480
565971
565462
564953
564444
563935
563426
562917
562408
561899
561390
560881
560372
559863
559354
558845
558336
557827
557318
556809
556300
555791
555282
554773
554264
553755
553246
552737
552228
551719
551210
550701
550192
549683
549174
548665
548156
547647
547138
546629
546120
545611
545102
544593
544084
543575
543066
542557
542048
541539
541030
540521
540012
539503
538994
538485
537976
537467
536958
536449
535940
535431
534922
534413
533904
533395
532886
532377
531868
531359
530850
530341
529832
1978
510371
1548862
1548345
1547828
1547312
1546796
1546280
1545764
1545249
1544734
1544219
1543704
1543189
1542674
1542159
1541644
1541129
1540614
1540099
1539585
1539071
1538557
1538043
1537529
1537015
1536501
1535987
1535473
1534959
1534445
1533931
1533417
1532903
1532390
1531877
1531364
1530851
1530338
1529825
1529312
1528799
1528286
1527773
1527260
1526747
1526234
1525721
1525208
1524695
1524182
1523669
1523156
1522643
1522130
1521617
1521104
1520591
1520078
1519565
1519053
1518541
1518029
1517517
1517005
1516493
1515981
1515469
1514957
1514445
1513933
1513421
1512909
1512397
1511885
1511373
1510861
1510349
1509837
1509325
1508813
1508301
1507789
1507277
1506765
1506253
1505741
1505229
1504717
1504205
1503693
1503181
1502669
1502157
1501645
1501133
1500621
1500109
1499597
1499085
1498573
1498061
1497549
1497037
1496525
1496013
1495501
1494989
1494477
1493965
1493453
1492941
1492429
1491917
1491405
1490893
1490381
1489869
1489357
1488845
1488333
1487821
1487309
1486797
1486285
1485773
1485261
1484749
1484237
1483725
1483213
1482701
1482189
1481677
1481165
1480653
1480141
1479629
1479117
1478605
1478093
1477581
1477069
1476557
1476045
1475533
1475021
1474509
1473998
1473487
1472976
1472465
1471954
1471443
1470932
1470421
1469910
1469399
1468888
1468377
1467866
1467355
1466844
1466333
1465822
1465311
1464800
1464289
1463778
1463267
1462756
1462245
1461734
1461223
1460712
1460201
1459690
1459179
1458668
1458157
1457646
1457135
1456624
1456113
1455602
1455091
1454580
1454069
1453558
1453047
1452536
1452025
1451514
1451003
1450492
1449981
1449470
1448959
1448448
1447937
1447426
1446915
1446404
1445893
1445382
1444871
1444360
1443849
1443338
1442827
1442316
1441805
1441294
1440783
1440272
1439761
1439250
1438739
1438228
1437717
1437206
1436695
1436184
1435673
1435162
1434651
1434140
1433629
1433118
1432607
1432096
1431585
1431074
1430563
1430052
1429541
1429030
1428519
1428008
1427497
1426986
1426475
1425964
1425453
1424942
1424431
1423920
1423409
1422898
1422387
1421876
1421365
1420854
1420343
1419832
1419321
1418810
1418299
1417788
1417277
1416766
1416255
1415744
1415233
1414722
1414211
1413700
1413189
1412678
1412167
1411656
1411145
1410634
1410123
1409612
1409101
1408590
1408079
1407568
1407057
1406546
1406035
1405524
1405013
1404502
1403991
1403480
1402969
1402458
1401947
1401436
1400925
1400414
1399903
1399392
1398881
1398370
1397859
1397348
1396837
1396326
1395815
1395304
1394793
1394282
1393771
1393260
1392749
1392238
1391727
1391216
1390705
1390194
1389683
1389172
1388661
1388150
1387639
1387128
1386617
1386106
1385595
1385084
1384573
1384062
1383551
1383040
1382529
1382018
1381507
1380996
1380485
1379974
1379463
1378952
1378441
1377930
1377419
1376908
1376397
1375886
1375375
1374864
1374353
1373842
1373331
1372820
1372309
1371798
1371287
1370776
1370265
1369754
1369243
1368732
1368221
1367710
1367199
1366688
1366177
1365666
1365155
1364644
1364133
1363622
1363111
1362600
1362089
1361578
1361067
1360556
1360045
1359534
1359023
1358512
1358001
1357490
1356979
1356468
1355957
1355446
1354935
1354424
1353913
1353402
1352891
1352380
1351869
1351358
1350847
1350336
1349825
1349314
1348803
1348292
1347781
1347270
1346759
1346248
1345737
1345226
1344715
1344204
1343693
1343182
1342671
1342160
1341649
1341138
1340627
1340116
1339605
1339094
1338583
1338072
1337562
1337052
1336542
1336032
1335522
1335012
1334502
1333992
1333482
1332972
1332462
1331952
1331442
1330932
1330422
1329912
1329402
1328892
1328382
1327872
1327362
1326852
1326342
1325832
1325322
1324812
1324302
1323792
1323282
1322772
1322262
1321752
1321242
1320732
1320222
1319712
1319202
1318692
1318182
1317672
1317162
1316652
1316142
1315632
1315122
1314612
1314102
1313592
1313082
1312572
1312062
1311552
1311042
1310532
1310022
1309512
1309002
1308492
1307982
1307472
1306962
1306452
1305942
1305432
1304922
1304412
1303902
1303392
1302882
1302372
1301862
1301352
1300842
1300332
1299822
1299312
1298802
1298292
1297782
1297272
1296762
1296252
1295742
1295232
1294722
1294212
1293702
1293192
1292682
1292172
1291662
1291152
1290642
1290132
1289622
1289112
1288602
1288092
1287582
1287072
1286562
1286052
1285542
1285032
1284522
1284012
1283502
1282992
1282482
1281972
1281462
1280952
1280442
1279932
1279422
1278912
1278402
1277892
1277382
1276872
1276362
1275852
1275342
1274832
1274322
1273812
1273302
1272792
1272282
1271772
1271262
1270752
1270242
1269732
1269222
1268712
1268202
1267692
1267182
1266672
1266162
1265652
1265142
1264632
1264122
1263612
1263102
1262592
1262082
1261572
1261062
1260552
1260042
1259532
1259022
1258512
1258002
1257492
1256982
1256472
1255962
1255452
1254942
1254432
1253922
1253412
1252902
1252392
1251882
1251372
1250862
1250352
1249842
1249332
1248822
1248312
1247802
1247292
1246782
1246272
1245762
1245252
1244742
1244232
1243722
1243212
1242702
1242192
1241682
1241172
1240662
1240152
1239642
1239132
1238622
1238112
1237602
1237092
1236582
1236072
1235562
1235052
1234542
1234032
1233522
1233012
1232502
1231992
1231482
1230972
1230462
1229952
1229442
1228932
1228422
1227912
1227402
1226892
1226382
1225872
1225362
1224852
1224342
1223832
1223322
1222812
1222302
1221792
1221282
1220772
1220262
1219752
1219242
1218732
1218222
1217712
1217202
1216692
1216182
1215672
1215162
1214652
1214142
1213632
1213122
1212612
1212102
1211592
1211082
1210572
1210062
1209552
1209042
1208532
1208022
1207512
1207002
1206492
1205982
1205472
1204962
1204452
1203942
1203432
1202922
1202412
1201902
1201392
1200882
1200372
1199862
1199352
1198842
1198332
1197822
1197312
1196802
1196292
1195782
1195272
1194762
1194252
1193742
1193232
1192722
1192212
1191702
1191192
1190682
1190172
1189662
1189152
1188642
1188132
1187622
1187112
1186602
1186092
1185582
1185072
1184562
1184052
1183542
1183032
1182522
1182012
1181502
1180992
1180482
1179972
1179462
1178952
1178442
1177932
1177422
1176912
1176402
1175892
1175382
1174872
1174362
1173852
1173342
1172832
1172322
1171812
1171302
1170792
1170282
1169772
1169262
1168752
1168242
1167732
1167222
1166712
1166202
1165692
1165182
1164672
1164162
1163652
1163142
1162632
1162122
1161612
1161102
1160592
1160082
1159572
1159062
1158552
1158042
1157532
1157022
1156512
1156002
1155492
1154982
1154472
1153962
1153452
1152942
1152432
1151922
1151412
1150902
1150392
1149882
1149372
1148862
1148352
1147842
1147332
1146822
1146312
1145802
1145292
1144782
1144272
1143762
1143252
1142742
1142232
1141722
1141212
1140702
1140192
1139682
1139172
1138662
1138152
1137642
1137132
1136622
1136112
1135602
1135092
1134582
1134072
1133562
1133052
1132542
1132032
1131522
1131012
1130502
1129992
1129482
1128972
1128462
1127952
1127442
1126932
1126422
1125912
1125402
1124892
1124382
1123872
1123362
1122852
1122342
1121832
1121322
1120812
1120302
1119792
1119282
1118772
1118262
1117752
1117242
1116732
1116222
1115712
1115202
1114692
1114182
1113672
1113162
1112652
1112142
1111632
1111122
1110612
1110102
1109592
1109082
1108572
1108062
1107552
1107042
1106532
1106022
1105512
1105002
1104492
1103982
1103472
1102962
1102452
1101942
1101432
1100922
1100412
1099902
1099392
1098882
1098372
1097862
1097352
1096842
1096332
1095822
1095312
1094802
1094292
1093782
1093272
1092762
1092252
1091742
1091232
1090722
1090212
1089702
1089192
1088682
1088172
1087662
1087152
1086642
1086132
1085622
1085112
1084602
1084092
1083582
1083072
1082562
1082052
1081542
1081032
1080522
1080012
1079502
1078992
1078482
1077972
1077462
1076952
1076442
1075932
1075422
1074912
1074402
1073892
1073382
1072872
1072362
1071852
1071342
1070832
1070322
1069812
1069302
1068792
1068282
1067772
1067262
1066752
1066242
1065732
1065222
1064712
1064202
1063692
1063182
1062672
1062162
1061652
1061142
1060632
1060122
1059612
1059102
1058592
1058082
1057572
1057062
1056552
1056042
1055532
1055022
1054512
1054002
1053492
1052982
1052472
1051962
1051452
1050942
1050432
1049922
1049412
1048902
1048392
1047882
1047372
1046862
1046352
1045842
1045332
1044822
1044312
1043802
1043292
1042782
1042272
1041762
1041252
1040742
1040232
1039722
2053
510396
2059258
2058740
2058223
2057706
2057190
2056674
2056158
2055642
2055127
2054612
2054097
2053582
2053067
2052552
2052037
2051522
2051007
2050492
2049977
2049462
2048948
2048434
2047920
2047406
2046892
2046378
2045864
2045350
2044836
2044322
2043808
2043294
2042780
2042266
2041752
2041238
2040724
2040210
2039696
2039183
2038670
2038157
2037644
2037131
2036618
2036105
2035592
2035079
2034566
2034053
2033540
2033027
2032514
2032001
2031488
2030975
2030462
2029949
2029436
2028923
2028410
2027897
2027384
2026871
2026358
2025845
2025332
2024819
2024306
2023793
2023280
2022767
2022254
2021741
2021228
2020715
2020202
2019690
2019178
2018666
2018154
2017642
2017130
2016618
2016106
2015594
2015082
2014570
2014058
2013546
2013034
2012522
2012010
2011498
2010986
2010474
2009962
2009450
2008938
2008426
2007914
2007402
2006890
2006378
2005866
2005354
2004842
2004330
2003818
2003306
2002794
2002282
2001770
2001258
2000746
2000234
1999722
1999210
1998698
1998186
1997674
1997162
1996650
1996138
1995626
1995114
1994602
1994090
1993578
1993066
1992554
1992042
1991530
1991018
1990506
1989994
1989482
1988970
1988458
1987946
1987434
1986922
1986410
1985898
1985386
1984874
1984362
1983850
1983338
1982826
1982314
1981802
1981290
1980778
1980266
1979754
1979242
1978730
1978218
1977706
1977194
1976682
1976170
1975658
1975146
1974634
1974122
1973610
1973098
1972586
1972074
1971562
1971050
1970538
1970026
1969514
1969002
1968490
1967978
1967466
1966954
1966442
1965930
1965418
1964906
1964394
1963882
1963370
1962858
1962346
1961834
1961322
1960810
1960298
1959786
1959274
1958763
1958252
1957741
1957230
1956719
1956208
1955697
1955186
1954675
1954164
1953653
1953142
1952631
1952120
1951609
1951098
1950587
1950076
1949565
1949054
1948543
1948032
1947521
1947010
1946499
1945988
1945477
1944966
1944455
1943944
1943433
1942922
1942411
1941900
1941389
1940878
1940367
1939856
1939345
1938834
1938323
1937812
1937301
1936790
1936279
1935768
1935257
1934746
1934235
1933724
1933213
1932702
1932191
1931680
1931169
1930658
1930147
1929636
1929125
1928614
1928103
1927592
1927081
1926570
1926059
1925548
1925037
1924526
1924015
1923504
1922993
1922482
1921971
1921460
1920949
1920438
1919927
1919416
1918905
1918394
1917883
1917372
1916861
1916350
1915839
1915328
1914817
1914306
1913795
1913284
1912773
1912262
1911751
1911240
1910729
1910218
1909707
1909196
1908685
1908174
1907663
1907152
1906641
1906130
1905619
1905108
1904597
1904086
1903575
1903064
1902553
1902042
1901531
1901020
1900509
1899998
1899487
1898976
1898465
1897954
1897443
1896932
1896421
1895910
1895399
1894888
1894377
1893866
1893355
1892844
1892333
1891822
1891311
1890800
1890289
1889778
1889267
1888756
1888245
1887734
1887223
1886712
1886201
1885690
1885179
1884668
1884157
1883646
1883135
1882624
1882113
1881602
1881091
1880580
1880069
1879558
1879047
1878536
1878025
1877514
1877003
1876492
1875981
1875470
1874959
1874448
1873937
1873426
1872915
1872404
1871893
1871382
1870871
1870360
1869849
1869338
1868827
1868316
1867805
1867294
1866783
1866272
1865761
1865250
1864739
1864228
1863717
1863206
1862695
1862184
1861673
1861162
1860651
1860140
1859629
1859118
1858607
1858096
1857585
1857074
1856563
1856052
1855541
1855030
1854519
1854008
1853497
1852986
1852475
1851964
1851453
1850942
1850431
1849920
1849409
1848898
1848387
1847876
1847365
1846854
1846343
1845832
1845321
1844810
1844299
1843788
1843277
1842766
1842255
1841744
1841233
1840722
1840211
1839700
1839189
1838678
1838167
1837656
1837145
1836634
1836123
1835612
1835101
1834590
1834079
1833568
1833057
1832546
1832035
1831524
1831013
1830502
1829991
1829480
1828969
1828458
1827947
1827436
1826925
1826414
1825903
1825392
1824881
1824370
1823859
1823348
1822837
1822326
1821815
1821304
1820793
1820282
1819771
1819260
1818749
1818238
1817727
1817216
1816705
1816194
1815683
1815172
1814661
1814150
1813639
1813128
1812617
1812106
1811595
1811084
1810573
1810062
1809551
1809040
1808529
1808018
1807507
1806996
1806485
1805974
1805463
1804952
1804441
1803930
1803419
1802908
1802397
1801886
1801375
1800864
1800353
1799842
1799331
1798820
1798309
1797798
1797287
1796776
1796265
1795754
1795243
1794732
1794221
1793710
1793199
1792688
1792177
1791666
1791155
1790644
1790133
1789622
1789111
1788600
1788089
1787578
1787067
1786556
1786045
1785534
1785023
1784512
1784001
1783490
1782979
1782468
1781957
1781446
1780935
1780424
1779913
1779402
1778891
1778380
1777869
1777358
1776847
1776336
1775825
1775314
1774803
1774292
1773781
1773270
1772759
1772248
1771737
1771226
1770715
1770204
1769693
1769182
1768672
1768162
1767652
1767142
1766632
1766122
1765612
1765102
1764592
1764082
1763572
1763062
1762552
1762042
1761532
1761022
1760512
1760002
1759492
1758982
1758472
1757962
1757452
1756942
1756432
1755922
1755412
1754902
1754392
1753882
1753372
1752862
1752352
1751842
1751332
1750822
1750312
1749802
1749292
1748782
1748272
1747762
1747252
1746742
1746232
1745722
1745212
1744702
1744192
1743682
1743172
1742662
1742152
1741642
1741132
1740622
1740112
1739602
1739092
1738582
1738072
1737562
1737052
1736542
1736032
1735522
1735012
1734502
1733992
1733482
1732972
1732462
1731952
1731442
1730932
1730422
1729912
1729402
1728892
1728382
1727872
1727362
1726852
1726342
1725832
1725322
1724812
1724302
1723792
1723282
1722772
1722262
1721752
1721242
1720732
1720222
1719712
1719202
1718692
1718182
1717672
1717162
1716652
1716142
1715632
1715122
1714612
1714102
1713592
1713082
1712572
1712062
1711552
1711042
1710532
1710022
1709512
1709002
1708492
1707982
1707472
1706962
1706452
1705942
1705432
1704922
1704412
1703902
1703392
1702882
1702372
1701862
1701352
1700842
1700332
1699822
1699312
1698802
1698292
1697782
1697272
1696762
1696252
1695742
1695232
1694722
1694212
1693702
1693192
1692682
1692172
1691662
1691152
1690642
1690132
1689622
1689112
1688602
1688092
1687582
1687072
1686562
1686052
1685542
1685032
1684522
1684012
1683502
1682992
1682482
1681972
1681462
1680952
1680442
1679932
1679422
1678912
1678402
1677892
1677382
1676872
1676362
1675852
1675342
1674832
1674322
1673812
1673302
1672792
1672282
1671772
1671262
1670752
1670242
1669732
1669222
1668712
1668202
1667692
1667182
1666672
1666162
1665652
1665142
1664632
1664122
1663612
1663102
1662592
1662082
1661572
1661062
1660552
1660042
1659532
1659022
1658512
1658002
1657492
1656982
1656472
1655962
1655452
1654942
1654432
1653922
1653412
1652902
1652392
1651882
1651372
1650862
1650352
1649842
1649332
1648822
1648312
1647802
1647292
1646782
1646272
1645762
1645252
1644742
1644232
1643722
1643212
1642702
1642192
1641682
1641172
1640662
1640152
1639642
1639132
1638622
1638112
1637602
1637092
1636582
1636072
1635562
1635052
1634542
1634032
1633522
1633012
1632502
1631992
1631482
1630972
1630462
1629952
1629442
1628932
1628422
1627912
1627402
1626892
1626382
1625872
1625362
1624852
1624342
1623832
1623322
1622812
1622302
1621792
1621282
1620772
1620262
1619752
1619242
1618732
1618222
1617712
1617202
1616692
1616182
1615672
1615162
1614652
1614142
1613632
1613122
1612612
1612102
1611592
1611082
1610572
1610062
1609552
1609042
1608532
1608022
1607512
1607002
1606492
1605982
1605472
1604962
1604452
1603942
1603432
1602922
1602412
1601902
1601392
1600882
1600372
1599862
1599352
1598842
1598332
1597822
1597312
1596802
1596292
1595782
1595272
1594762
1594252
1593742
1593232
1592722
1592212
1591702
1591192
1590682
1590172
1589662
1589152
1588642
1588132
1587622
1587112
1586602
1586092
1585582
1585072
1584562
1584052
1583542
1583032
1582522
1582012
1581502
1580992
1580482
1579972
1579462
1578952
1578442
1577932
1577422
1576912
1576402
1575892
1575382
1574872
1574362
1573852
1573342
1572832
1572322
1571812
1571302
1570792
1570282
1569772
1569262
1568752
1568242
1567732
1567222
1566712
1566202
1565692
1565182
1564672
1564162
1563652
1563142
1562632
1562122
1561612
1561102
1560592
1560082
1559572
1559062
1558552
1558042
1557532
1557022
1556512
1556002
1555492
1554982
1554472
1553962
1553452
1552942
1552432
1551922
1551412
1550902
1550392
1549882
2015
510422
2569680
2569162
2568645
2568128
2567612
2567096
2566580
2566064
2565549
2565034
2564519
2564004
2563489
2562974
2562459
2561944
2561429
2560914
2560399
2559884
2559369
2558854
2558339
2557824
2557310
2556796
2556282
2555768
2555254
2554740
2554226
2553712
2553198
2552684
2552170
2551656
2551142
2550628
2550114
2549600
2549086
2548572
2548058
2547544
2547030
2546516
2546002
2545489
2544976
2544463
2543950
2543437
2542924
2542411
2541898
2541385
2540872
2540359
2539846
2539333
2538820
2538307
2537794
2537281
2536768
2536255
2535742
2535229
2534716
2534203
2533690
2533177
2532664
2532151
2531638
2531125
2530612
2530099
2529586
2529073
2528560
2528047
2527534
2527021
2526508
2525995
2525482
2524969
2524456
2523943
2523430
2522917
2522404
2521892
2521380
2520868
2520356
2519844
2519332
2518820
2518308
2517796
2517284
2516772
2516260
2515748
2515236
2514724
2514212
2513700
2513188
2512676
2512164
2511652
2511140
2510628
2510116
2509604
2509092
2508580
2508068
2507556
2507044
2506532
2506020
2505508
2504996
2504484
2503972
2503460
2502948
2502436
2501924
2501412
2500900
2500388
2499876
2499364
2498852
2498340
2497828
2497316
2496804
2496292
2495780
2495268
2494756
2494244
2493732
2493220
2492708
2492196
2491684
2491172
2490660
2490148
2489636
2489124
2488612
2488100
2487588
2487076
2486564
2486052
2485540
2485028
2484516
2484004
2483492
2482980
2482468
2481956
2481444
2480932
2480420
2479908
2479396
2478884
2478372
2477860
2477348
2476836
2476324
2475812
2475300
2474788
2474276
2473764
2473252
2472740
2472228
2471716
2471204
2470692
2470180
2469668
2469156
2468644
2468132
2467620
2467108
2466596
2466084
2465572
2465060
2464548
2464036
2463524
2463012
2462500
2461988
2461476
2460964
2460452
2459940
2459428
2458916
2458404
2457892
2457380
2456868
2456356
2455844
2455332
2454820
2454308
2453796
2453284
2452772
2452260
2451748
2451236
2450724
2450212
2449700
2449188
2448676
2448164
2447652
2447140
2446628
2446116
2445604
2445092
2444580
2444068
2443556
2443044
2442532
2442020
2441508
2440996
2440484
2439972
2439460
2438949
2438438
2437927
2437416
2436905
2436394
2435883
2435372
2434861
2434350
2433839
2433328
2432817
2432306
2431795
2431284
2430773
2430262
2429751
2429240
2428729
2428218
2427707
2427196
2426685
2426174
2425663
2425152
2424641
2424130
2423619
2423108
2422597
2422086
2421575
2421064
2420553
2420042
2419531
2419020
2418509
2417998
2417487
2416976
2416465
2415954
2415443
2414932
2414421
2413910
2413399
2412888
2412377
2411866
2411355
2410844
2410333
2409822
2409311
2408800
2408289
2407778
2407267
2406756
2406245
2405734
2405223
2404712
2404201
2403690
2403179
2402668
2402157
2401646
2401135
2400624
2400113
2399602
2399091
2398580
2398069
2397558
2397047
2396536
2396025
2395514
2395003
2394492
2393981
2393470
2392959
2392448
2391937
2391426
2390915
2390404
2389893
2389382
2388871
2388360
2387849
2387338
2386827
2386316
2385805
2385294
2384783
2384272
2383761
2383250
2382739
2382228
2381717
2381206
2380695
2380184
2379673
2379162
2378651
2378140
2377629
2377118
2376607
2376096
2375585
2375074
2374563
2374052
2373541
2373030
2372519
2372008
2371497
2370986
2370475
2369964
2369453
2368942
2368431
2367920
2367409
2366898
2366387
2365876
2365365
2364854
2364343
2363832
2363321
2362810
2362299
2361788
2361277
2360766
2360255
2359744
2359233
2358722
2358211
2357700
2357189
2356678
2356167
2355656
2355145
2354634
2354123
2353612
2353101
2352590
2352079
2351568
2351057
2350546
2350035
2349524
2349013
2348502
2347991
2347480
2346969
2346458
2345947
2345436
2344925
2344414
2343903
2343392
2342881
2342370
2341859
2341348
2340837
2340326
2339815
2339304
2338793
2338282
2337771
2337260
2336749
2336238
2335727
2335216
2334705
2334194
2333683
2333172
2332661
2332150
2331639
2331128
2330617
2330106
2329595
2329084
2328573
2328062
2327551
2327040
2326529
2326018
2325507
2324996
2324485
2323974
2323463
2322952
2322441
2321930
2321419
2320908
2320397
2319886
2319375
2318864
2318353
2317842
2317331
2316820
2316309
2315798
2315287
2314776
2314265
2313754
2313243
2312732
2312221
2311710
2311199
2310688
2310177
2309666
2309155
2308644
2308133
2307622
2307111
2306600
2306089
2305578
2305067
2304556
2304045
2303534
2303023
2302512
2302001
2301490
2300979
2300468
2299957
2299446
2298935
2298424
2297913
2297402
2296891
2296380
2295869
2295358
2294847
2294336
2293825
2293314
2292803
2292292
2291781
2291270
2290759
2290248
2289737
2289226
2288715
2288204
2287693
2287182
2286671
2286160
2285649
2285138
2284627
2284116
2283605
2283094
2282583
2282072
2281561
2281050
2280539
2280028
2279517
2279006
2278495
2277984
2277473
2276962
2276451
2275940
2275429
2274918
2274407
2273896
2273385
2272874
2272363
2271852
2271341
2270830
2270319
2269808
2269297
2268786
2268275
2267764
2267253
2266742
2266231
2265720
2265209
2264698
2264187
2263676
2263165
2262654
2262143
2261632
2261121
2260610
2260099
2259588
2259077
2258566
2258055
2257544
2257033
2256522
2256011
2255500
2254989
2254478
2253967
2253456
2252945
2252434
2251923
2251412
2250901
2250390
2249879
2249368
2248857
2248346
2247835
2247324
2246813
2246302
2245791
2245280
2244769
2244258
2243747
2243236
2242725
2242214
2241703
2241192
2240681
2240170
2239659
2239148
2238637
2238126
2237615
2237104
2236593
2236082
2235571
2235060
2234549
2234038
2233527
2233016
2232505
2231994
2231483
2230972
2230461
2229950
2229439
2228928
2228417
2227906
2227395
2226884
2226373
2225862
2225351
2224840
2224329
2223818
2223307
2222796
2222285
2221774
2221263
2220752
2220241
2219730
2219219
2218708
2218197
2217686
2217175
2216664
2216153
2215642
2215131
2214620
2214109
2213598
2213087
2212576
2212065
2211554
2211043
2210532
2210021
2209510
2208999
2208488
2207977
2207466
2206955
2206444
2205933
2205422
2204911
2204400
2203889
2203378
2202867
2202356
2201845
2201334
2200823
2200312
2199801
2199291
2198781
2198271
2197761
2197251
2196741
2196231
2195721
2195211
2194701
2194191
2193681
2193171
2192661
2192151
2191641
2191131
2190621
2190111
2189601
2189091
2188581
2188071
2187561
2187051
2186541
2186031
2185521
2185011
2184501
2183991
2183481
2182971
2182461
2181951
2181441
2180931
2180421
2179911
2179401
2178891
2178381
2177871
2177361
2176851
2176341
2175831
2175321
2174811
2174301
2173791
2173281
2172771
2172261
2171751
2171241
2170731
2170221
2169711
2169201
2168691
2168181
2167671
2167161
2166651
2166141
2165631
2165121
2164611
2164101
2163591
2163081
2162571
2162061
2161551
2161041
2160531
2160021
2159511
2159001
2158491
2157981
2157471
2156961
2156451
2155941
2155431
2154921
2154411
2153901
2153391
2152881
2152371
2151861
2151351
2150841
2150331
2149821
2149311
2148801
2148291
2147781
2147271
2146761
2146251
2145741
2145231
2144721
2144211
2143701
2143191
2142681
2142171
2141661
2141151
2140641
2140131
2139621
2139111
2138601
2138091
2137581
2137071
2136561
2136051
2135541
2135031
2134521
2134011
2133501
2132991
2132481
2131971
2131461
2130951
2130441
2129931
2129421
2128911
2128401
2127891
2127381
2126871
2126361
2125851
2125341
2124831
2124321
2123811
2123301
2122791
2122281
2121771
2121261
2120751
2120241
2119731
2119221
2118711
2118201
2117691
2117181
2116671
2116161
2115651
2115141
2114631
2114121
2113611
2113101
2112591
2112081
2111571
2111061
2110551
2110041
2109531
2109021
2108511
2108001
2107491
2106981
2106471
2105961
2105451
2104941
2104431
2103921
2103411
2102901
2102391
2101881
2101371
2100861
2100351
2099841
2099331
2098821
2098311
2097801
2097291
2096781
2096271
2095761
2095251
2094741
2094231
2093721
2093211
2092701
2092191
2091681
2091171
2090661
2090151
2089641
2089131
2088621
2088111
2087601
2087091
2086581
2086071
2085561
2085051
2084541
2084031
2083521
2083011
2082501
2081991
2081481
2080971
2080461
2079951
2079441
2078931
2078421
2077911
2077401
2076891
2076381
2075871
2075361
2074851
2074341
2073831
2073321
2072811
2072301
2071791
2071281
2070771
2070261
2069751
2069241
2068731
2068221
2067711
2067201
2066691
2066181
2065671
2065161
2064651
2064141
2063631
2063121
2062611
2062101
2061591
2061081
2060571
2060061
2053
3.83818
