3
1 2 3 1 
5
1 2 3 1 4 2 5 3 4 5 1
7
1 2 3 4 5 1 6 3 7 5 2 4 6 7 1 3 5 6 2 7 4 1
9
1 2 3 4 5 6 7 1 8 2 9 4 6 3 7 8 5 9 1 6 2 4 7 5 3 9 6 8 4 1 5 2 7 9 8 3 1 
11
1 2 3 4 5 6 7 8 9 10 11 1 3 5 2 7 4 9 6 11 8 1 5 10 7 3 9 2 11 4 8 6 10 1 7 5 9 11 3 8 2 10 4 6 1 9 7 11 5 8 10 3 6 2 4 1 
13 
1 2 3 4 5 6 7 8 9 10 11 12 13 1 3 5 2 7 4 8 6 11 9 13 10 12 1 5 7 3 8 2 11 4 13 6 12 9 1 7 10 8 5 11 3 13 2 12 4 9 6 10 1 8 11 7 13 5 12 3 9 2 10 4 6 1 11 13 8 12 7 9 5 10 3 6 2 4 1 
15
1 2 3 4 5 6 7 8 9 10 11 12 13 14 15 1 3 5 2 7 4 9 6 11 8 13 10 15 12 14 1 5 7 3 9 2 11 4 13 6 15 8 14 10 1 7 12 9 5 11 3 13 2 15 4 14 6 10 8 12 1 9 11 7 13 5 15 3 14 2 10 4 12 6 8 1 11 13 9 15 7 14 5 10 3 12 2 8 4 6 1 13 15 11 14 9 7 10 12 5 8 3 6 2 4 1