-1
439336863
-1
241691999
-1
296930634
82395803
-1
-1
439336863
-1
241691999
-1
296930634
82395803
-1
-1
439336863
-1
241691999
-1
296930634
82395803
-1
-1
439336863
-1
241691999
-1
296930634
82395803
-1
-1
439336863
-1
241691999
-1
296930634
82395803
-1
-1
439336863
-1
241691999
-1
296930634
82395803
-1
-1
439336863
-1
241691999
-1
296930634
82395803
-1
-1
439336863
-1
241691999
-1
296930634
82395803
-1
-1
439336863
-1
241691999
-1
296930634
82395803
-1
-1
439336863
-1
241691999
-1
296930634
82395803
-1
-1
439336863
-1
241691999
-1
296930634
82395803
-1
-1
439336863
-1
241691999
-1
296930634
82395803
-1
Time used = 1.74
